4.128698348999023438e+00
2.623936171625174563e+00
2.452696446144934761e+00
2.391727911715475940e+00
2.358438845297590625e+00
2.336151770861500498e+00
2.319461197552094678e+00
2.305495958382587585e+00
2.173979043960571289e+00
2.194411843430762232e+00
2.178975872474141706e+00
2.169524150178921751e+00
2.155760699836768879e+00
2.145531449184949757e+00
2.136539345563844172e+00
2.127325066813716248e+00
2.031674146652221680e+00
2.048747700803420280e+00
2.043033859517314532e+00
2.034422077090535019e+00
2.031764444427110572e+00
2.029873790493999408e+00
2.024601246827464784e+00
2.017231483065504705e+00
2.010430812835693359e+00
1.971615101776871049e+00
1.966638543818256535e+00
1.964548734639654182e+00
1.958684106964377003e+00
1.954445715444496523e+00
1.946804766639126605e+00
1.944130363287749130e+00
1.873510003089904785e+00
1.871844410896301270e+00
1.876360356217563696e+00
1.874991394826118540e+00
1.875869183398004791e+00
1.875173895482523001e+00
1.870988159480680979e+00
1.867766273327362780e+00
1.840001344680786133e+00
1.809654572430778874e+00
1.817479912597354197e+00
1.815973027652462601e+00
1.815668215799094432e+00
1.810331285712253546e+00
1.803564272449658112e+00
1.802944011158413407e+00
1.817487716674804688e+00
1.758589770279678666e+00
1.757890105247497559e+00
1.757032216779443656e+00
1.756005350630081674e+00
1.747700939140471865e+00
1.743083561773712153e+00
1.739701857933631413e+00
1.647706151008605957e+00
1.709855701409134232e+00
1.708493480587949920e+00
1.700784013760800351e+00
1.698881589951206861e+00
1.699307014742695410e+00
1.695680623434706824e+00
1.691274649736888014e+00
1.761690378189086914e+00
1.664899575944040366e+00
1.662451122066762155e+00
1.660659306096714749e+00
1.658570126514529619e+00
1.654573788205940810e+00
1.655671270978807286e+00
1.652911534336557464e+00
1.562347531318664551e+00
1.630863262157814075e+00
1.619893490678012915e+00
1.623737506519090212e+00
1.622733049724825571e+00
1.623787127168055067e+00
1.623134344123130512e+00
1.623245989495193164e+00
1.544718980789184570e+00
1.587758959508409617e+00
1.592680239441371270e+00
1.600469925545698668e+00
1.599185463207871249e+00
1.595898363219789395e+00
1.595096629323357273e+00
1.596056131555823487e+00
1.408658027648925781e+00
1.587515449991413252e+00
1.579184669079166881e+00
1.579196672565889692e+00
1.576423244096746501e+00
1.577944984474030088e+00
1.574449649680888630e+00
1.573643715293319145e+00
1.547888517379760742e+00
1.558131858414294690e+00
1.547644265807501140e+00
1.546468383429066229e+00
1.542649225809087810e+00
1.542995226335715397e+00
1.540050569958861137e+00
1.540170543553822435e+00
1.553660750389099121e+00
1.516956904355217350e+00
1.524057178214044850e+00
1.520695436869236028e+00
1.524448295730856495e+00
1.520802215750948871e+00
1.518493699869048141e+00
1.519287932971943533e+00
1.379165887832641602e+00
1.487449921813665643e+00
1.487344619071129470e+00
1.492699257585386574e+00
1.496567183466100071e+00
1.497273903443993692e+00
1.502300622851349576e+00
1.498871730603383856e+00
1.469298124313354492e+00
1.488412651361203709e+00
1.479205951832308630e+00
1.478222233570174682e+00
1.472982535314797170e+00
1.474022740386871755e+00
1.473403683136467857e+00
1.472016329439277404e+00
1.358685731887817383e+00
1.451919249459808992e+00
1.454167534809301499e+00
1.459371680455491926e+00
1.464322083031953214e+00
1.460750195134683516e+00
1.457926879689543043e+00
1.454232227768313956e+00
1.307074069976806641e+00
1.432402629478304990e+00
1.420659564509250128e+00
1.425275457615883923e+00
1.427598694663735790e+00
1.428768272893837343e+00
1.428069326568679465e+00
1.430450338244098507e+00
1.328969478607177734e+00
1.447996903868282503e+00
1.431133167578442222e+00
1.425572112696060323e+00
1.418529065687264890e+00
1.416989722099912141e+00
1.414676429029319005e+00
1.414819920844162304e+00
1.270025730133056641e+00
1.380194879045673506e+00
1.387634164035910445e+00
1.394378175798630881e+00
1.391360530805825002e+00
1.395434416147817158e+00
1.397327792604896368e+00
1.395946632423292089e+00
1.234040975570678711e+00
1.390269891888487486e+00
1.374561177621973718e+00
1.368712306022644043e+00
1.369654339937428356e+00
1.371795580681576698e+00
1.375754919955104683e+00
1.379554355586016579e+00
1.537783265113830566e+00
1.345851489141875579e+00
1.352698627084788718e+00
1.353241511528065599e+00
1.356379752135395300e+00
1.360641673266650198e+00
1.360419282881524472e+00
1.359169062386211158e+00
1.267221570014953613e+00
1.349388987410302221e+00
1.347811945594183269e+00
1.346311033956262504e+00
1.352261735432183531e+00
1.353598740471311679e+00
1.351540498163216864e+00
1.348753532113512676e+00
1.351756095886230469e+00
1.352720108686708889e+00
1.349301990896168313e+00
1.339715029230180932e+00
1.334022880786686960e+00
1.327248640744334685e+00
1.328070123726347251e+00
1.324970053132103365e+00
1.283397436141967773e+00
1.324194910479526976e+00
1.322057089003005892e+00
1.322729022297638224e+00
1.312724052970089206e+00
1.312935585519707127e+00
1.312153715627930151e+00
1.312965873299840602e+00
1.457098960876464844e+00
1.282640548313365159e+00
1.292653644439017313e+00
1.298126346228138495e+00
1.301745935459042158e+00
1.297791831521873940e+00
1.295115138605187566e+00
1.293053602221345022e+00
1.265886187553405762e+00
1.295412411876753156e+00
1.288246154785156250e+00
1.281627167929087152e+00
1.281796046157381408e+00
1.279939310009261089e+00
1.278691616961330269e+00
1.277054103691014131e+00
1.271967530250549316e+00
1.263229816567664088e+00
1.265425750524690862e+00
1.266342754395592296e+00
1.262944980640316572e+00
1.264817425929217753e+00
1.262588582957701933e+00
1.264564334157525227e+00
1.166112899780273438e+00
1.250528344921037371e+00
1.254726237589770088e+00
1.252811700303033460e+00
1.251783716144846403e+00
1.247180088107804341e+00
1.248915042988089530e+00
1.252156629521622655e+00
1.268140792846679688e+00
1.236860046199723895e+00
1.233720755813145331e+00
1.230141416290738032e+00
1.229909070095612567e+00
1.229881963406900924e+00
1.234509726299400034e+00
1.231930756840610819e+00
1.158327341079711914e+00
1.201212707687826731e+00
1.217374844126182021e+00
1.217205938913964225e+00
1.213485992963041271e+00
1.219904085079512202e+00
1.219215219599067979e+00
1.218594472972076570e+00
1.179400682449340820e+00
1.211296474232393061e+00
1.217515317520292628e+00
1.214384750814627267e+00
1.209290004488247527e+00
1.202470695355023933e+00
1.200399736233327852e+00
1.202714025464832304e+00
1.344890236854553223e+00
1.198314811669143998e+00
1.197992990512658951e+00
1.191209321779920671e+00
1.190076596997863723e+00
1.193067493429222026e+00
1.192823500332246267e+00
1.189857191509670731e+00
1.190941691398620605e+00
1.176019570406745540e+00
1.168552365633520829e+00
1.170798266170830049e+00
1.172733030508999796e+00
1.174995647958550382e+00
1.175155111523561668e+00
1.178440294544241818e+00
1.236738562583923340e+00
1.184095845502965538e+00
1.165159617320145724e+00
1.162606350238749586e+00
1.168498428306769421e+00
1.169816988635348221e+00
1.165138094132128765e+00
1.165948069672978482e+00
1.217182874679565430e+00
1.158731566924674938e+00
1.159165016495355305e+00
1.162883860385970580e+00
1.158575731130381703e+00
1.155118930624775775e+00
1.151343896737526462e+00
1.154094843952744087e+00
1.284572362899780273e+00
1.173989447892880955e+00
1.154824119983333119e+00
1.155301927730737033e+00
1.149401686084804197e+00
1.149537961321523083e+00
1.146562330152505194e+00
1.148727078213650943e+00
1.185877799987792969e+00
1.116378825084835880e+00
1.129222363528638695e+00
1.133221515756569264e+00
1.127618585059891876e+00
1.127737609038789834e+00
1.127347561212077132e+00
1.127437664233041925e+00
1.162591457366943359e+00
1.125855269385319213e+00
1.124002816063342625e+00
1.119733546348597120e+00
1.113434030345423320e+00
1.110401443988678460e+00
1.110706285780846514e+00
1.113776637448204987e+00
1.094429731369018555e+00
1.113690172924714838e+00
1.117821204780351962e+00
1.116508466518477904e+00
1.117469053363325582e+00
1.112257239353134253e+00
1.108935426041929517e+00
1.107114418109937271e+00
1.105727195739746094e+00
1.093347841618107719e+00
1.083029672651007580e+00
1.084917842552361789e+00
1.089486964306427996e+00
1.089432293912804051e+00
1.091952984515218716e+00
1.090507980934914745e+00
1.097322702407836914e+00
1.087508569745456510e+00
1.079847684000978303e+00
1.082337623795136761e+00
1.085397060534254221e+00
1.086540127417955803e+00
1.086575663763027277e+00
1.085830827723880843e+00
1.024079799652099609e+00
1.053829657096488903e+00
1.071861696715402212e+00
1.071857861335703932e+00
1.074029179651345700e+00
1.076692709647326884e+00
1.073291158557334146e+00
1.073346171114179848e+00
1.046908736228942871e+00
1.063851928009706294e+00
1.069117275204988893e+00
1.066083595057986333e+00
1.065094418490110995e+00
1.060509803285636821e+00
1.063607173504623526e+00
1.066106941795077478e+00
1.062964797019958496e+00
1.066822589612474559e+00
1.050503189610962895e+00
1.052299530300873087e+00
1.049350733187661255e+00
1.050866100655134083e+00
1.053536676885281631e+00
1.053019931343545990e+00
1.013262271881103516e+00
1.055831300277336071e+00
1.048995931549827620e+00
1.054089265943362941e+00
1.050205112689763132e+00
1.050212331502086149e+00
1.046611643906843581e+00
1.045494874827882059e+00
1.071811437606811523e+00
1.038864100680631841e+00
1.032202423799156055e+00
1.041061298341940500e+00
1.043907211491124531e+00
1.043478859610766474e+00
1.041782621529411257e+00
1.038414893496749647e+00
8.605248332023620605e-01
1.020647869390599816e+00
1.011382864253355773e+00
1.018860831560677971e+00
1.020207341037579374e+00
1.021107221504606644e+00
1.024670396730353206e+00
1.025300740176795955e+00
1.032823920249938965e+00
9.972799665787640544e-01
1.005333639017426117e+00
1.011618628012423526e+00
1.015167460512759190e+00
1.014606871452939485e+00
1.015376266847021203e+00
1.015906681192566552e+00
1.013916492462158203e+00
1.003713088877060899e+00
9.993572996394468611e-01
1.006091453381721568e+00
1.008051327805020936e+00
1.004175794314578152e+00
1.005779484181705152e+00
1.006730675018071341e+00
9.635205864906311035e-01
9.974307604864531829e-01
9.996601744453506022e-01
9.961778833376651043e-01
1.000241897889037723e+00
1.001348290310438038e+00
1.000874930441973509e+00
9.982288763394043807e-01
9.252098798751831055e-01
9.973121203628241283e-01
9.966931142429313883e-01
9.970370527134825300e-01
9.963218510447450216e-01
9.981093584778774064e-01
9.975743988819693042e-01
9.928146626195336610e-01
9.326031208038330078e-01
9.958898097861046406e-01
9.954019177078020642e-01
9.885234970920133701e-01
9.903280337651571008e-01
9.920848966594710827e-01
9.915668150515255519e-01
9.863738903292903482e-01
1.061574697494506836e+00
9.795529246330261230e-01
9.802124004552860148e-01
9.779875317946175040e-01
9.762930546826984468e-01
9.786162383527869935e-01
9.775992740824372973e-01
9.779790830068778584e-01
9.110444784164428711e-01
9.721290130241244665e-01
9.658614733431598598e-01
9.617539123194107642e-01
9.604882084908177298e-01
9.621358881908583793e-01
9.639696195672120549e-01
9.636717355489051728e-01
9.676543474197387695e-01
9.664398046100840522e-01
9.656246410738124064e-01
9.609093729233899595e-01
9.590553890413312521e-01
9.583897455280045996e-01
9.555730673165812039e-01
9.598999313819103207e-01
8.541597127914428711e-01
9.502773729025149052e-01
9.562007955985494245e-01
9.502638882359132344e-01
9.454854531074637913e-01
9.488842325856485793e-01
9.482862707784405210e-01
9.526835240190185683e-01
8.534715175628662109e-01
9.586900285646027253e-01
9.519006344351438331e-01
9.512869818321126880e-01
9.512416263717916598e-01
9.458651616278872520e-01
9.459243113812417780e-01
9.451532998995223478e-01
8.053438067436218262e-01
9.320383551074009620e-01
9.283492122546280756e-01
9.328830104000520596e-01
9.333330283117531323e-01
9.377378429549624306e-01
9.394561054302608127e-01
9.361898600206076670e-01
8.948515653610229492e-01
9.320053271218842195e-01
9.401668628843704578e-01
9.336809452795824527e-01
9.359154876191817518e-01
9.348635925239775490e-01
9.337497147610813730e-01
9.342824704626686572e-01
1.002673506736755371e+00
9.238922221987855288e-01
9.298492062209856579e-01
9.272589355904534703e-01
9.262887779159925117e-01
9.274037903048603093e-01
9.203855670567763214e-01
9.216524467848644653e-01
8.736482858657836914e-01
9.080672801709642750e-01
9.151880894557083979e-01
9.172630708738668259e-01
9.152025921427788813e-01
9.160626732495676938e-01
9.144928510798964183e-01
9.147152201062933585e-01
9.200538396835327148e-01
8.856952868255913991e-01
8.987398088568507859e-01
9.055427676005078919e-01
9.063120045472140562e-01
9.082338762473299854e-01
9.067759913859573251e-01
9.074169186785010499e-01
8.488328456878662109e-01
8.999953702384350107e-01
8.971580237445264672e-01
9.007457818416569895e-01
8.989955960814632885e-01
8.991885926144056462e-01
9.001526390991337889e-01
9.002906301422336499e-01
9.328061342239379883e-01
8.973246567389544515e-01
9.051181927765949986e-01
8.982484198563935873e-01
8.925000838379362200e-01
8.903286331203353887e-01
8.933366824226125491e-01
8.918451782305356623e-01
8.124896287918090820e-01
8.958128971212050429e-01
8.790071034195399147e-01
8.816553776627344963e-01
8.839590632500340384e-01
8.819756617109139052e-01
8.871029599560456003e-01
8.867745740800840881e-01
9.011815190315246582e-01
8.941582289396547978e-01
8.879189774541571545e-01
8.827986531699729689e-01
8.863832354545593262e-01
8.870057703489326872e-01
8.846428299267030670e-01
8.840219804704019246e-01
9.900699257850646973e-01
8.783478561569663112e-01
8.802473592286063075e-01
8.850548129208040127e-01
8.816299895148965726e-01
8.825428789830302989e-01
8.801154745773619448e-01
8.811485847176989683e-01
8.120218515396118164e-01
8.448708969004014024e-01
8.589025198823154739e-01
8.618825800371485713e-01
8.655930122925867831e-01
8.661096749077754620e-01
8.645947223089858191e-01
8.690664506705737535e-01
7.738534212112426758e-01
8.585533254286822347e-01
8.721020192202955101e-01
8.640036326370491571e-01
8.646660375950941946e-01
8.663959189715138010e-01
8.660328629801044009e-01
8.680211589207337264e-01
8.060613870620727539e-01
8.666216298645618155e-01
8.504536328929486189e-01
8.562204411487706057e-01
8.571520518900742625e-01
8.570844262719629070e-01
8.592999316133137500e-01
8.598015237058329596e-01
8.647741079330444336e-01
8.589950192208383184e-01
8.536000954042567423e-01
8.491762114676418838e-01
8.521203760483965217e-01
8.506543258746781522e-01
8.538633804780699776e-01
8.544745446949603140e-01
7.758391499519348145e-01
8.253628027205374140e-01
8.427353760983684605e-01
8.435168712344390807e-01
8.449642243076912473e-01
8.439513475771444062e-01
8.435919328385412808e-01
8.449331827652759586e-01
8.206719756126403809e-01
8.492168538710650472e-01
8.453956458828236764e-01
8.415942152604362070e-01
8.409871948299123545e-01
8.422146933487212328e-01
8.446446878965511162e-01
8.447145790795654863e-01
8.582710623741149902e-01
8.395297316943898247e-01
8.372289803948732567e-01
8.393431712460044380e-01
8.430671588105348446e-01
8.423284824150967243e-01
8.449382094845819813e-01
8.428849700169686043e-01
7.908332347869873047e-01
8.266587923554813422e-01
8.261450393365161737e-01
8.326134085655212402e-01
8.322343956771774964e-01
8.309272290225997448e-01
8.329291512007729326e-01
8.329843977238038377e-01
8.541411161422729492e-01
8.345389564832051965e-01
8.214694273353803089e-01
8.189381309692432831e-01
8.154761803090868622e-01
8.151326177129707418e-01
8.203448900748725459e-01
8.235475480386674763e-01
7.111315131187438965e-01
8.126512695761287652e-01
8.109877918026234811e-01
8.261466871034230941e-01
8.244481922975227528e-01
8.249266085871662657e-01
8.234506108832121418e-01
8.271964547301289272e-01
7.483716011047363281e-01
8.061148103545693333e-01
8.096508106382767078e-01
8.134695291519165039e-01
8.111002807000383674e-01
8.162859260323512833e-01
8.134431761760648749e-01
8.125362272276158704e-01
8.978205323219299316e-01
8.044847881092744846e-01
7.980112333108883016e-01
8.023506355601430773e-01
8.072268482464463046e-01
8.094792850463988776e-01
8.123399894498907203e-01
8.092523964381964641e-01
7.518753409385681152e-01
8.014621886552548702e-01
8.028761118945508812e-01
8.094332857637216438e-01
8.125690518327020051e-01
8.106038036099467714e-01
8.085633330170894917e-01
8.091302867288943101e-01
9.072040915489196777e-01
8.059419288354761068e-01
8.036192330983605858e-01
8.059717057556505804e-01
8.038074931695093905e-01
8.008584783846638411e-01
8.032299598982167721e-01
8.047146112830551035e-01
6.868860721588134766e-01
8.028886540263306948e-01
8.078799312657648501e-01
8.001466847413423178e-01
7.940658861724891882e-01
7.991841794010177136e-01
7.981714331034409637e-01
7.985021937267053893e-01
9.159906506538391113e-01
7.787687439544528356e-01
7.813130782382322614e-01
7.845675818967503545e-01
7.886054702659150983e-01
7.862059386127973060e-01
7.890363575216147174e-01
7.902037166801952894e-01
7.498778700828552246e-01
7.855599242098191271e-01
7.809685285728756865e-01
7.797391943584214280e-01
7.849654294365081553e-01
7.845885041225478806e-01
7.864576409821494307e-01
7.871656044256313267e-01
7.231298089027404785e-01
7.825906218266954761e-01
7.805490747536762974e-01
7.731995783894267671e-01
7.665009679485909055e-01
7.730078350500281248e-01
7.699540851520145779e-01
7.727597824528685821e-01
9.078683257102966309e-01
7.989719545139986057e-01
7.838673355555770828e-01
7.793406042831623193e-01
7.741354090064319626e-01
7.731781977106375603e-01
7.729384318934722220e-01
7.727526084989564392e-01
8.258995413780212402e-01
7.801089882850646973e-01
7.754699941908959060e-01
7.749817537156161729e-01
7.685967010645130548e-01
7.673147451355162296e-01
7.723598684187347185e-01
7.709910399214154886e-01
7.560523748397827148e-01
7.797742240569170979e-01
7.698614402572707682e-01
7.651538260725160301e-01
7.675772315234093979e-01
7.684454618697147410e-01
7.683134574034681252e-01
7.689980236213771470e-01
7.434806823730468750e-01
7.714326440119275707e-01
7.652485984386784290e-01
7.635084651163871472e-01
7.562562292488059779e-01
7.576439178797352847e-01
7.569796442985534668e-01
7.579630623515855037e-01
6.810755729675292969e-01
7.493003735355302508e-01
7.458385187800568028e-01
7.527187131098563855e-01
7.521613011905803337e-01
7.561403550949704622e-01
7.546173753928504535e-01
7.554610166114958947e-01
7.327650785446166992e-01
7.470786957179799126e-01
7.505998729479195219e-01
7.604928056135872305e-01
7.573360854120396723e-01
7.551472638232774592e-01
7.574027713351075830e-01
7.553230276134957899e-01
7.056407332420349121e-01
7.406722225394903880e-01
7.388977166449669509e-01
7.422836640023238175e-01
7.416245649703105958e-01
7.456516378904244347e-01
7.442102984732568149e-01
7.482727363578274282e-01
6.785761713981628418e-01
7.446106169738021530e-01
7.391020938901617932e-01
7.511767677913437913e-01
7.455605570949724870e-01
7.445076953367407713e-01
7.424598480775902454e-01
7.423286889692997104e-01
6.398289203643798828e-01
7.129880692444595658e-01
7.231654772664061204e-01
7.309752146139839590e-01
7.333293512685975513e-01
7.372277105946939413e-01
7.396000875191038881e-01
7.385935194132334791e-01
7.524917125701904297e-01
7.360134580556083606e-01
7.350787125011482015e-01
7.345121341035855123e-01
7.367374016277825621e-01
7.380041914632120559e-01
7.396989646940136387e-01
7.385307344955596154e-01
8.235622644424438477e-01
7.477188203849044479e-01
7.240223264930272240e-01
7.224567354909631200e-01
7.183413671616890595e-01
7.202840884368257868e-01
7.258781695682741120e-01
7.240201168590121306e-01
7.497226595878601074e-01
7.249430336204230052e-01
7.215190972432051764e-01
7.194553605768064797e-01
7.232142283548763650e-01
7.206966489909654161e-01
7.227601849557553360e-01
7.241473808417632219e-01
8.442196249961853027e-01
7.219723363717397424e-01
7.190747379076363188e-01
7.262872469346255411e-01
7.197956857989676882e-01
7.155501650149128645e-01
7.171677094559336663e-01
7.184813548187245491e-01
6.181843876838684082e-01
7.337309659696092945e-01
7.237876004511767380e-01
7.182902539802702435e-01
7.172522304663017101e-01
7.152145559569279554e-01
7.167597405142166478e-01
7.175392413411045833e-01
8.328722119331359863e-01
7.346722869312062310e-01
7.224978102315769979e-01
7.209085784605796521e-01
7.158032577132704688e-01
7.146715207166405293e-01
7.083800845962030523e-01
7.043123955060953678e-01
7.039089798927307129e-01
6.780195125177794768e-01
6.819119332450451765e-01
6.929519488322024579e-01
6.980890142383859853e-01
7.005296356649513001e-01
6.984213485670248689e-01
6.978774707541506306e-01
7.526904940605163574e-01
6.975025581378563322e-01
7.019097350611545050e-01
6.941528910437956279e-01
6.948600648647517142e-01
6.961122461524142935e-01
6.963231553667011964e-01
6.944458729181534062e-01
6.585906147956848145e-01
6.779421696475907977e-01
6.834672707142216419e-01
6.877908927715377096e-01
6.872443227625605333e-01
6.917004027214658235e-01
6.916067518071082887e-01
6.942113129331854982e-01
7.523924708366394043e-01
6.694541515088549000e-01
6.790974895552833734e-01
6.860258539780875742e-01
6.889984076888999720e-01
6.891406508555925070e-01
6.929238042562111399e-01
6.928733269713203136e-01
6.535702943801879883e-01
7.017912969869726236e-01
6.911045731884417620e-01
6.910063219780953059e-01
6.918895047398941900e-01
6.891805416796786821e-01
6.886440651163310278e-01
6.907232005541820152e-01
7.905425429344177246e-01
6.889528959405188946e-01
6.933576559076214396e-01
6.896235433635332646e-01
6.879996598063417013e-01
6.887190833509680976e-01
6.875669200753056209e-01
6.870635018559263507e-01
6.667727231979370117e-01
7.014223956594279885e-01
6.942640354137609160e-01
6.943412995496333062e-01
6.924647442737028591e-01
6.929176411780703093e-01
6.954966383518966788e-01
6.940616703780627672e-01
7.208762168884277344e-01
6.936535776830187183e-01
6.854675370867889805e-01
6.834317907592318830e-01
6.875156902555209504e-01
6.855870079234301917e-01
6.847425295268974033e-01
6.862418401954520908e-01
6.125558614730834961e-01
6.812980601600572284e-01
6.919518706232014038e-01
6.936383048035451582e-01
6.920717692197259074e-01
6.920185921439137022e-01
6.936560390993605774e-01
6.909713995592546842e-01
6.338074803352355957e-01
7.018278755393683177e-01
6.915188883200730219e-01
6.974017957583168448e-01
6.929130358482474827e-01
6.925759154012003371e-01
6.904773167597495487e-01
6.904697216134465521e-01
6.100934147834777832e-01
6.991511817071952573e-01
6.949734853045774763e-01
6.956584078586653952e-01
6.960219147786572691e-01
6.922537031401676533e-01
6.889511128002623330e-01
6.899816277529778885e-01
7.168419361114501953e-01
6.962649623552957800e-01
6.938899442701056408e-01
6.904970237750880369e-01
6.883258783995215291e-01
6.876378977203748688e-01
6.871065953839260443e-01
6.890920245239877673e-01
5.586310029029846191e-01
6.727115850822598109e-01
6.720585578148907668e-01
6.784698819087831012e-01
6.811024678583762482e-01
6.838009783708717260e-01
6.856587615322037310e-01
6.849450429110784944e-01
6.919228434562683105e-01
6.910323395448572104e-01
6.942950870731089408e-01
6.957779404343358287e-01
6.962841618713454528e-01
6.949422187301742548e-01
6.883113148600555897e-01
6.863539431169841665e-01
6.323355436325073242e-01
6.841502750621122342e-01
6.869913245191668905e-01
6.859362989861443882e-01
6.918422763620443172e-01
6.884192900353693911e-01
6.871760755876370474e-01
6.833333610809086966e-01
6.166059970855712891e-01
6.828263203303018836e-01
6.713869300219091896e-01
6.781743028700746301e-01
6.822939842791106990e-01
6.832944664109750210e-01
6.823629444817768119e-01
6.859967383394214302e-01
5.833208560943603516e-01
6.964306983293271358e-01
6.838883722182547142e-01
6.851733437437095287e-01
6.857909013086290750e-01
6.841260350320443884e-01
6.847829524662804035e-01
6.830442794028170894e-01
7.529048323631286621e-01
6.935851048020755805e-01
6.904248937521830776e-01
6.845266720317056963e-01
6.869686151025307108e-01
6.848277264382259810e-01
6.841062115276375089e-01
6.870821712703106821e-01
6.442359685897827148e-01
6.819675693324968035e-01
6.917970670331822225e-01
6.869944478107603558e-01
6.840561144980624730e-01
6.792483780963487483e-01
6.804259696672129154e-01
6.812782318164141149e-01
6.861785054206848145e-01
6.684165415810603417e-01
6.795334476645630284e-01
6.768618066184568516e-01
6.778709299825317336e-01
6.803927940438943001e-01
6.859683892457588694e-01
6.830858434537196988e-01
6.850223541259765625e-01
6.776946128583422047e-01
6.875557138188050921e-01
6.880861252348944301e-01
6.806034223357243507e-01
6.806383126997852528e-01
6.792851885489846753e-01
6.821360264578436583e-01
5.967772006988525391e-01
6.935421953014299090e-01
6.842484592211128813e-01
6.852398214750732297e-01
6.856339882262310059e-01
6.818797656026969189e-01
6.828860245471777279e-01
6.819638862059667073e-01
7.359804511070251465e-01
6.870476685318291921e-01
6.845597406425097953e-01
6.815122452792742314e-01
6.800526997343224744e-01
6.815363076103635454e-01
6.796867883086600282e-01
6.779744395842919324e-01
7.090852260589599609e-01
6.718091427111158032e-01
6.768205419625386021e-01
6.785154559754378312e-01
6.846317055806592222e-01
6.811723015697829231e-01
6.783850422729289509e-01
6.769003603193495255e-01
5.599535107612609863e-01
6.649263325859519069e-01
6.715376096786839222e-01
6.767512901334573616e-01
6.744177467490902744e-01
6.795947617031188326e-01
6.803642025223601841e-01
6.801675536863485139e-01
9.052238464355468750e-01
6.939052851761088325e-01
6.796370467337051746e-01
6.847340429066032241e-01
6.814430329337048953e-01
6.860077723088967572e-01
6.853254772103901660e-01
6.858149595410055754e-01
6.563136577606201172e-01
6.736221886148640037e-01
6.690074332279734026e-01
6.691308536671645157e-01
6.696947156196803030e-01
6.745649130933313309e-01
6.783455816218226797e-01
6.789350845874884133e-01
6.360287666320800781e-01
6.985698716313231138e-01
6.956313461950509591e-01
6.844339680592745889e-01
6.812630789493446803e-01
6.816273087049385948e-01
6.805574187012606302e-01
6.804632585272829548e-01
8.114562630653381348e-01
6.715980657175475432e-01
6.827944927286393462e-01
6.814540148965569921e-01
6.761703568311473456e-01
6.790682842057064184e-01
6.755932433858662378e-01
6.767446605907885271e-01
8.419969081878662109e-01
6.776423162105036369e-01
6.700171193864086217e-01
6.786770443647902606e-01
6.758278256921625982e-01
6.784454381085961439e-01
6.778955973462013063e-01
6.795558707836346635e-01
6.188385486602783203e-01
6.785490489473530173e-01
6.812846648811113903e-01
6.795616878184261855e-01
6.806917180172840087e-01
6.807209047900728560e-01
6.789572420112318651e-01
6.789490717258888086e-01
8.028767108917236328e-01
6.816494394751155816e-01
6.826903347921843279e-01
6.782285472415140459e-01
6.777703899945786148e-01
6.793697230606915438e-01
6.794255681806228298e-01
6.774906859948084392e-01
7.229238152503967285e-01
6.785340139678880389e-01
6.756691336631774902e-01
6.833486251088957131e-01
6.798347592057280009e-01
6.791488687355680121e-01
6.801987696327640442e-01
6.802846193313598633e-01
6.713296771049499512e-01
6.730821623521692221e-01
6.761771605746580427e-01
6.778340866628861372e-01
6.780142239966795437e-01
6.793591960730305246e-01
6.768539000389187654e-01
6.753042673962748044e-01
5.544907450675964355e-01
6.658741411040810521e-01
6.678248378309873390e-01
6.690474393351978355e-01
6.720083714717656198e-01
6.751338775414394977e-01
6.758437574503826095e-01
6.747698501983598884e-01
6.090500950813293457e-01
6.505756699571422219e-01
6.669132222633550322e-01
6.727594518108873656e-01
6.747731570877245622e-01
6.771677638667513710e-01
6.763383273864504996e-01
6.741251464073474420e-01
7.288754582405090332e-01
6.709702447348949716e-01
6.695512834161815308e-01
6.672818469290702215e-01
6.691938782509286865e-01
6.730954472524711685e-01
6.724650036060928482e-01
6.738288448407099285e-01
6.848302483558654785e-01
6.745197854790032643e-01
6.679877296532734654e-01
6.722116640071995608e-01
6.695968794882001252e-01
6.675186847073147911e-01
6.720112000786980788e-01
6.727919772989050529e-01
7.195532321929931641e-01
6.570998424408482919e-01
6.656653819107772874e-01
6.676725324810734996e-01
6.687876085440317420e-01
6.734322308306674998e-01
6.713199103591449557e-01
6.706583531324000758e-01
7.744320034980773926e-01
6.761511552567575078e-01
6.843969934057481108e-01
6.793715586725449507e-01
6.820697149827112948e-01
6.760290622473712485e-01
6.741504874142301151e-01
6.733011125329553259e-01
6.852836012840270996e-01
6.678812305132547644e-01
6.752737430062624169e-01
6.695858092102783266e-01
6.743753295929277858e-01
6.724111023414657273e-01
6.731093166476468381e-01
6.725039555985703466e-01
7.306935191154479980e-01
6.778487370294683512e-01
6.787495120327071696e-01
6.831947529552787612e-01
6.844111446717485725e-01
6.827141547583014392e-01
6.794135016064311028e-01
6.762705766237698812e-01
7.418997287750244141e-01
6.462045311927795410e-01
6.592550549176660057e-01
6.627787560816632562e-01
6.704555465214288024e-01
6.674334492341456038e-01
6.656382313598430134e-01
6.697782188059597797e-01
6.715357303619384766e-01
6.636408888826182961e-01
6.741143299801515276e-01
6.722900279310365379e-01
6.742120023390546502e-01
6.718398270853962462e-01
6.747873451226573671e-01
6.753897848631921219e-01
7.981407642364501953e-01
6.836508886486876158e-01
6.832417007720116287e-01
6.810942402738608958e-01
6.781715531254288720e-01
6.747018631948418221e-01
6.729056634182153385e-01
6.725735318796587370e-01
6.272561550140380859e-01
6.482234229059780084e-01
6.627950181465337431e-01
6.623344119416166853e-01
6.653241587812034341e-01
6.685889238617809260e-01
6.695772308447828225e-01
6.725772777174272576e-01
5.108824968338012695e-01
6.567530579426709147e-01
6.737900438285110427e-01
6.742562254927805254e-01
6.742386555493767863e-01
6.719968410364660638e-01
6.726619237879185587e-01
6.718478134045233752e-01
7.132938504219055176e-01
6.758366443362890941e-01
6.728928608469443295e-01
6.785137746113025781e-01
6.735042091922380791e-01
6.713533079719163910e-01
6.719316123331899870e-01
6.716200442735286158e-01
6.154274940490722656e-01
6.717775358873254721e-01
6.673907327770006725e-01
6.649059611835227424e-01
6.603660651700413720e-01
6.634559013929025584e-01
6.637812565727487790e-01
6.640651364441950699e-01
5.075360536575317383e-01
6.637987698994430863e-01
6.683613306815081589e-01
6.651954528511754283e-01
6.634872007132762706e-01
6.653908653800706396e-01
6.651998470193919433e-01
6.666468358956850748e-01
6.770890355110168457e-01
6.669133621103623399e-01
6.664427704740278902e-01
6.707600428173873253e-01
6.682073779367095900e-01
6.653563882487704140e-01
6.667795516921832810e-01
6.680001246283876482e-01
5.920520424842834473e-01
6.722985301531997360e-01
6.723644040008582845e-01
6.749083778716080673e-01
6.708137480477195380e-01
6.720526486753942708e-01
6.718610558794978482e-01
6.715460219274559384e-01
7.718342542648315430e-01
6.647335501278147651e-01
6.736419909071214018e-01
6.651116751677152994e-01
6.649571547460793042e-01
6.623593594923437022e-01
6.649460005403753371e-01
6.659973837711192779e-01
6.744424700736999512e-01
6.893462211477989765e-01
6.750235634275002505e-01
6.760164353231720158e-01
6.699679158813324209e-01
6.678012239030632902e-01
6.654373457859520391e-01
6.662501627393597747e-01
6.724863052368164062e-01
6.608879040269290961e-01
6.616918155462434559e-01
6.644252649206199290e-01
6.672581662586078988e-01
6.652370768476767449e-01
6.639008987385569549e-01
6.648312024241499474e-01
6.276997923851013184e-01
6.600893548890656160e-01
6.608626854301679066e-01
6.659809092417457999e-01
6.666622829081406687e-01
6.637251519586935267e-01
6.625659182618226506e-01
6.637491454765667154e-01
6.916958689689636230e-01
6.479874522078270527e-01
6.674966204284441540e-01
6.651592613845471735e-01
6.642492612202962610e-01
6.664094799068344122e-01
6.667766172030439309e-01
6.663463395035844616e-01
5.206573009490966797e-01
6.571790313019472141e-01
6.681010814586488822e-01
6.642672796517807843e-01
6.670719772132475134e-01
6.662487181059393304e-01
6.680235435004250322e-01
6.685198592154728559e-01
6.173036694526672363e-01
6.603641848938137660e-01
6.620832858699383650e-01
6.659711011198182762e-01
6.619167952098656826e-01
6.649726996146350100e-01
6.643857286618001234e-01
6.666925938380749983e-01
6.347718238830566406e-01
6.749849091557895697e-01
6.640798166246697498e-01
6.714579987999619304e-01
6.721406742114925947e-01
6.750640212539658069e-01
6.694612444635245074e-01
6.690696031279713685e-01
6.107199788093566895e-01
6.667778264073764838e-01
6.597935513104542515e-01
6.621688505671671221e-01
6.587539312258288149e-01
6.603910782897615128e-01
6.629196159863393056e-01
6.653026013802258998e-01
5.686932206153869629e-01
6.565449004079780826e-01
6.444539150389114734e-01
6.492918731755767947e-01
6.598743422707514794e-01
6.599055284047982139e-01
6.630526369196235725e-01
6.629415864278788151e-01
7.038391232490539551e-01
6.584958971715441090e-01
6.637500365181724371e-01
6.627776443168816867e-01
6.650979063700680483e-01
6.639825225588810165e-01
6.672270231666754814e-01
6.687349244909748247e-01
6.544180512428283691e-01
6.726534892531002008e-01
6.681883880997648850e-01
6.682953323354784425e-01
6.670615551483571881e-01
6.644289199099597809e-01
6.639309081920358180e-01
6.627943734837393741e-01
6.291772127151489258e-01
6.593855286345762234e-01
6.620672445486087687e-01
6.644966910216981715e-01
6.662978965844681412e-01
6.667354832369968287e-01
6.674271442763433093e-01
6.687171949110819469e-01
6.250866055488586426e-01
6.514926751454671594e-01
6.591411554577326637e-01
6.597679221866935562e-01
6.598585987862070068e-01
6.628526056192786120e-01
6.632340192002711410e-01
6.638933408294308558e-01
5.948879718780517578e-01
6.627924535788741744e-01
6.581153550950606945e-01
6.541237846905032516e-01
6.572710557363519168e-01
6.610759173731405314e-01
6.644761312839596590e-01
6.651942834385440317e-01
6.832098960876464844e-01
6.716496558750376655e-01
6.617894768714904785e-01
6.623117994788466634e-01
6.631070580055464792e-01
6.631001435902964536e-01
6.649992925384116127e-01
6.660253796142729943e-01
7.922398447990417480e-01
6.710773087015339256e-01
6.687105085590098197e-01
6.636457352448772440e-01
6.640023974636893866e-01
6.630955720802702569e-01
6.608008403714709100e-01
6.642226011325151891e-01
6.527981758117675781e-01
6.768995803945204726e-01
6.813617803082607782e-01
6.799941876076704972e-01
6.784869011361800428e-01
6.730474220566540211e-01
6.688356986671587512e-01
6.666468561884344446e-01
6.791536211967468262e-01
6.702469528890123707e-01
6.666440839814667951e-01
6.676329583521710687e-01
6.651405890782674524e-01
6.666489017912116122e-01
6.655357771141584555e-01
6.690974235534667969e-01
6.327446103096008301e-01
6.780426718440710765e-01
6.778234724361117403e-01
6.685276955168768520e-01
6.638154007902192788e-01
6.653201675035088636e-01
6.638732560449264186e-01
6.643594691046962319e-01
6.648319363594055176e-01
6.689981070219301884e-01
6.690976548903059262e-01
6.716334113222084401e-01
6.745657748843899570e-01
6.741478198552987022e-01
6.728230676183668546e-01
6.718424866851578914e-01
6.534197926521301270e-01
6.683870425411299054e-01
6.734851628246874000e-01
6.705200407678717500e-01
6.759943837550148604e-01
6.722713769432082653e-01
6.710393269394718807e-01
6.697363738830273139e-01
5.710380673408508301e-01
6.733707020095750506e-01
6.700998205359619542e-01
6.742275777636774770e-01
6.690841044359538969e-01
6.668790272507534311e-01
6.677012265322612716e-01
6.681067305073099538e-01
5.796786546707153320e-01
6.544772182025161422e-01
6.749329021071442947e-01
6.687228505974573967e-01
6.649373063993690991e-01
6.620475119091124849e-01
6.595446530766660986e-01
6.612020662197699572e-01
6.637492179870605469e-01
6.753395304960363443e-01
6.730582932434460153e-01
6.664190485777444772e-01
6.617560015982063559e-01
6.600362565887876176e-01
6.585348318779586929e-01
6.614864766597747803e-01
7.485334277153015137e-01
6.714356880561977992e-01
6.641988910660885370e-01
6.609650232539271419e-01
6.590849869879916723e-01
6.647515014348277518e-01
6.645288701073275295e-01
6.657598458463989122e-01
6.224184036254882812e-01
6.636374189573175375e-01
6.845418105621149385e-01
6.740790986462145140e-01
6.682399873116716682e-01
6.698096715121629741e-01
6.661502217929624603e-01
6.700558006933271527e-01
4.926504790782928467e-01
6.593668706276837321e-01
6.519748630500076247e-01
6.563208756462627358e-01
6.610179880068669522e-01
6.598918151807975363e-01
6.615609407820970400e-01
6.611726104024469031e-01
5.722064375877380371e-01
6.494442136848673774e-01
6.653051361589148449e-01
6.582332887002174671e-01
6.580868628784198870e-01
6.614721290381305741e-01
6.662334860163273698e-01
6.669090791815026620e-01
5.405661463737487793e-01
6.413634127261591544e-01
6.510601173533071551e-01
6.555652979588666440e-01
6.603241083930381228e-01
6.613450132280707106e-01
6.625041669587360404e-01
6.634073287163704258e-01
6.622130870819091797e-01
6.621569716462901711e-01
6.527769733773599592e-01
6.588935279688298285e-01
6.586459826177625265e-01
6.618447337017591137e-01
6.620475727062288263e-01
6.618174009683125414e-01
6.600946187973022461e-01
6.746742526690164832e-01
6.813939898320944266e-01
6.744538671922999384e-01
6.714049000941698653e-01
6.691571085813985409e-01
6.676075421892527784e-01
6.677938913687681000e-01
7.908264994621276855e-01
6.642155542093164389e-01
6.612022551569608497e-01
6.649548571236085781e-01
6.597249275119743128e-01
6.640901922942157309e-01
6.609810624407771451e-01
6.625844044902725605e-01
6.520772576332092285e-01
6.681950431244045863e-01
6.661214775378161423e-01
6.660848907287547638e-01
6.710535065451664893e-01
6.651625832713458086e-01
6.642505803773569584e-01
6.662824850985806791e-01
7.435037493705749512e-01
6.619484459652620334e-01
6.534186498363419027e-01
6.572524563760946403e-01
6.654346316904571346e-01
6.628917155275306783e-01
6.622395868911299388e-01
6.634541017207664648e-01
6.030384302139282227e-01
6.636367860962363308e-01
6.661183630475903117e-01
6.694907913144850786e-01
6.638189214675580541e-01
6.649621761890046612e-01
6.689703030839710962e-01
6.666539849718751132e-01
6.003469824790954590e-01
6.825252058459263527e-01
6.715762656514007167e-01
6.718290835026873298e-01
6.703722044010067549e-01
6.707571920645664099e-01
6.691777634858292467e-01
6.689727481274183596e-01
7.154265642166137695e-01
6.761581675679075865e-01
6.682080738615281401e-01
6.670185603842829769e-01
6.658191663115772263e-01
6.677653459438764871e-01
6.648034346460107713e-01
6.644017134296927862e-01
5.644147992134094238e-01
6.624646046582389758e-01
6.658955818355674072e-01
6.714075022185874708e-01
6.677770464871060074e-01
6.712121093178174958e-01
6.722846246042917251e-01
6.712056186973539562e-01
6.697037816047668457e-01
6.673319631931828866e-01
6.642801850148947196e-01
6.579194416273508317e-01
6.635036269823709754e-01
6.631121568945774758e-01
6.647429347434312685e-01
6.663729974686929403e-01
8.544735312461853027e-01
6.713600918358447744e-01
6.586565528765763178e-01
6.572895835566994194e-01
6.665494179547722942e-01
6.705406691686091047e-01
6.687430216624491441e-01
6.673380511778371771e-01
6.313298940658569336e-01
6.816692866531073314e-01
6.711109702539915789e-01
6.625840125099712319e-01
6.635910288907995724e-01
6.661454323990886328e-01
6.658258570785142716e-01
6.649387336184835462e-01
7.855949997901916504e-01
6.657105181731429733e-01
6.710162729319959496e-01
6.660190303594071271e-01
6.694004532709643129e-01
6.652847299300341799e-01
6.655776161094044685e-01
6.640585648198412683e-01
6.115390658378601074e-01
6.843356992684158646e-01
6.755070544705532587e-01
6.691905627187514360e-01
6.633088317380022580e-01
6.650724264967489141e-01
6.667701830697614351e-01
6.640547206598809149e-01
5.125282406806945801e-01
6.785575835143818901e-01
6.716716074117339286e-01
6.671197870314515832e-01
6.668167888228573315e-01
6.696793691095602741e-01
6.697172510663536027e-01
6.696017770006446046e-01
5.449839830398559570e-01
6.759513020515441895e-01
6.660807687457245274e-01
6.650843640036930848e-01
6.655224745546407528e-01
6.653666187567539581e-01
6.658297561331840697e-01
6.637721683225060731e-01
5.710712075233459473e-01
6.450929881310930591e-01
6.664212053955191895e-01
6.635437189348486475e-01
6.626942538799931448e-01
6.644132475691487683e-01
6.666939548677780492e-01
6.668128006988101042e-01
