2.455841779708862305e+00
2.281897544860839844e+00
2.180329720572669938e+00
2.121960406271827360e+00
2.082026416389503254e+00
2.051164368709244901e+00
2.019844713797204871e+00
1.993343545161081476e+00
1.851388216018676758e+00
1.778430959757636654e+00
1.777589796793342725e+00
1.763520549464699494e+00
1.749554269349397062e+00
1.742008384480419281e+00
1.734852914398294699e+00
1.726736441297069158e+00
1.704928278923034668e+00
1.654381018058926456e+00
1.655204245359590765e+00
1.650847813940995668e+00
1.642737942548533558e+00
1.638081962843815242e+00
1.635066221718772361e+00
1.628528022698187749e+00
1.515697956085205078e+00
1.578140728613909527e+00
1.565131008034885474e+00
1.562377817583399997e+00
1.560893800721239622e+00
1.558836486710020175e+00
1.555232427048920840e+00
1.553248749159679809e+00
1.546316266059875488e+00
1.513594438047970003e+00
1.511325132728803311e+00
1.500864796291123904e+00
1.493928647159937118e+00
1.494054572515753687e+00
1.490936438110579632e+00
1.486575283555902960e+00
1.403467655181884766e+00
1.443409851953095124e+00
1.450715494627999869e+00
1.447998088716671239e+00
1.442394485521079295e+00
1.433723099203223716e+00
1.427471606834386231e+00
1.421925318886411826e+00
1.538406968116760254e+00
1.384400634204640212e+00
1.386235062438662791e+00
1.384404719270617701e+00
1.380874356227134614e+00
1.372936419756763948e+00
1.369542406642951793e+00
1.364732280076399240e+00
1.424941778182983398e+00
1.327456116676330566e+00
1.320408416266488638e+00
1.324717226407385873e+00
1.321952025095621819e+00
1.321755064436163973e+00
1.317675090311373642e+00
1.316575058165438739e+00
1.314949154853820801e+00
1.304586557780995193e+00
1.287865053309072305e+00
1.287875438368083714e+00
1.284969343474848369e+00
1.279227576882715711e+00
1.276649734110531176e+00
1.274266112903584158e+00
1.153883337974548340e+00
1.252921702815037230e+00
1.245809869010849669e+00
1.240989359798810421e+00
1.239263042881714183e+00
1.240971677569279175e+00
1.238524180512095674e+00
1.235963237081837418e+00
1.115572571754455566e+00
1.217850271393271067e+00
1.218761802309810571e+00
1.217717483343667473e+00
1.212008810458491626e+00
1.211914257461806255e+00
1.208288875331118284e+00
1.204415936245877505e+00
1.199200987815856934e+00
1.192074372487909706e+00
1.178795992147804395e+00
1.171002378921635056e+00
1.169457597222494316e+00
1.165901785352790432e+00
1.166046244361471862e+00
1.170585725382182751e+00
1.108930230140686035e+00
1.124985506721571271e+00
1.132553238679866903e+00
1.133002193163562321e+00
1.132532073787195781e+00
1.137417196990009316e+00
1.138891888021234644e+00
1.137967363212183391e+00
1.061647534370422363e+00
1.099906973979052349e+00
1.106172206968364158e+00
1.104906037548520015e+00
1.108491349872664955e+00
1.108900647714318399e+00
1.110854398768605478e+00
1.110590547068506240e+00
1.075741052627563477e+00
1.089003959122825993e+00
1.087660510351162069e+00
1.094978576464368913e+00
1.092909403404786151e+00
1.088806706120768464e+00
1.086288777102663694e+00
1.082404754440329464e+00
1.108868837356567383e+00
1.074920060587864379e+00
1.064813317048667773e+00
1.068282895925029230e+00
1.068471746658211430e+00
1.066674264778654013e+00
1.060777483588437375e+00
1.060383923203177536e+00
1.032738327980041504e+00
1.046864750338535766e+00
1.042654233403725206e+00
1.039780641233684300e+00
1.034750830474777672e+00
1.034709515087158138e+00
1.033180962567313621e+00
1.032628788397862429e+00
1.139194726943969727e+00
1.030074833654889943e+00
1.022099297825652675e+00
1.019517432380196320e+00
1.018032138620442950e+00
1.014417708395011886e+00
1.014211705554759479e+00
1.014284197591308834e+00
1.033643245697021484e+00
1.003997979210872193e+00
1.003912597599596168e+00
1.009612851979716730e+00
1.005902720921075133e+00
9.990590228977431764e-01
9.954531555159940037e-01
9.952833959859320734e-01
1.087944507598876953e+00
9.752203600079405454e-01
9.812704761429588141e-01
9.800216113494721881e-01
9.810074493659669548e-01
9.781493722680080216e-01
9.768722477149329730e-01
9.755160800072542049e-01
9.399003386497497559e-01
9.662402599465613751e-01
9.647430016262696917e-01
9.665641610985560295e-01
9.663609135803298278e-01
9.657613604192240020e-01
9.640322567220541705e-01
9.603177322621359036e-01
8.888591527938842773e-01
9.414656068764480912e-01
9.473640765293990240e-01
9.487719180568164878e-01
9.503431584111493580e-01
9.487499844030554685e-01
9.444290409452494872e-01
9.467863469381957442e-01
9.624859094619750977e-01
9.433415508737751365e-01
9.308742556241479393e-01
9.319468748490542520e-01
9.336692127422313581e-01
9.343990125504147981e-01
9.341276266250103655e-01
9.321054879077139699e-01
9.466633796691894531e-01
9.210586863405564317e-01
9.275553185160797520e-01
9.184311577026417206e-01
9.178535119811100929e-01
9.188469418016562695e-01
9.192531362324457556e-01
9.180978269998164576e-01
1.015229701995849609e+00
9.193304508340125469e-01
9.189464219725957950e-01
9.045280810223509382e-01
9.091707687472823096e-01
9.060241454151046758e-01
9.044579879390044486e-01
9.017493276514558787e-01
8.936862349510192871e-01
8.821206945998996130e-01
8.844294642457867228e-01
8.831039181608237865e-01
8.898306972351833766e-01
8.896830647115213653e-01
8.904789082235672337e-01
8.918040510256406428e-01
7.664138078689575195e-01
8.839947838409274450e-01
8.779185361201220505e-01
8.862142945756975587e-01
8.824085350060344446e-01
8.813092421250514619e-01
8.818679103423591181e-01
8.817512455828848683e-01
1.007508873939514160e+00
8.845045087384242333e-01
8.629447581744430495e-01
8.679113889372112034e-01
8.707740057760210428e-01
8.678357430188304855e-01
8.671792856482571921e-01
8.667359097391111877e-01
8.412583470344543457e-01
8.753671903236239782e-01
8.555715868968775117e-01
8.591412503198282424e-01
8.551553790249041276e-01
8.611165351601710594e-01
8.613189342014021532e-01
8.591128319416969639e-01
8.389358520507812500e-01
8.410981052062090901e-01
8.377966886699790283e-01
8.485031131877015520e-01
8.476808972619659377e-01
8.484529306689106987e-01
8.434126369184830052e-01
8.416407819826718928e-01
8.610234856605529785e-01
8.226473904123493552e-01
8.269144833678065964e-01
8.259948018370875111e-01
8.297805795029028486e-01
8.344452283771864876e-01
8.356767263127323764e-01
8.352658179750469536e-01
7.313273549079895020e-01
8.205374023493599012e-01
8.263164475412652088e-01
8.281914311528995043e-01
8.297526525027716371e-01
8.255894461950933350e-01
8.246169213044682866e-01
8.229174821125475603e-01
9.183908700942993164e-01
8.074074504422206200e-01
8.136917506114090815e-01
8.034401918878618654e-01
8.145888166048040890e-01
8.135621514453356129e-01
8.136040501024239813e-01
8.135595148445194935e-01
8.946199417114257812e-01
8.044127050568076198e-01
8.048010208819171840e-01
8.055869194845489689e-01
8.068985615796711031e-01
8.066638722362746705e-01
8.078659814457560540e-01
8.076846249762423824e-01
7.570457458496093750e-01
7.912455773821064353e-01
7.957634754700235735e-01
7.956869973252150841e-01
7.958928447457688238e-01
7.946783095242018202e-01
7.943973434327844529e-01
7.955666941794914404e-01
8.053197860717773438e-01
7.906324173889908158e-01
7.948553243486007336e-01
7.967152500784160374e-01
7.945160922126390801e-01
7.894645079198586712e-01
7.922662431219487100e-01
7.896535775260707934e-01
7.562214732170104980e-01
7.959366207029304752e-01
7.808113971559127453e-01
7.741381806253597730e-01
7.792496856172286268e-01
7.798037023183359562e-01
7.773396321309364865e-01
7.787945246764397256e-01
7.296153903007507324e-01
7.711963115953931469e-01
7.721709691651976737e-01
7.749189888404695026e-01
7.762999187654523459e-01
7.737108844209952263e-01
7.738540469610017958e-01
7.721956942835425108e-01
8.114140629768371582e-01
7.830775941119474393e-01
7.761959705022302147e-01
7.730353083831584815e-01
7.667158981460836520e-01
7.662282557601473032e-01
7.633373050198603016e-01
7.628071055113420096e-01
7.644779086112976074e-01
7.765142567017498942e-01
7.495334773960680153e-01
7.522658717553347696e-01
7.588242449570651305e-01
7.605752814338502255e-01
7.579090646731101444e-01
7.574996919373840898e-01
7.633095383644104004e-01
7.320145333514493924e-01
7.249084427805230213e-01
7.362521089465412505e-01
7.395221318178508696e-01
7.361618116557360203e-01
7.419716341550960381e-01
7.445884628852887932e-01
5.765393972396850586e-01
7.463245532091926648e-01
7.433766179745739944e-01
7.371183535121134112e-01
7.412110739086398281e-01
7.399064934111211356e-01
7.396189641714888685e-01
7.409543045225985836e-01
8.615758419036865234e-01
7.401190914359747630e-01
7.246467356044467012e-01
7.307924571021503501e-01
7.311562618509453992e-01
7.315165803014519463e-01
7.340499981495233195e-01
7.353016349494966297e-01
6.426715254783630371e-01
6.914281774969661676e-01
7.118133282897496361e-01
7.141067259359044073e-01
7.144396705413932347e-01
7.187712396758486610e-01
7.244707528142834141e-01
7.219766358025053732e-01
6.955849528312683105e-01
7.247757444194719012e-01
7.187511979943455032e-01
7.169305338764822011e-01
7.158139917387891238e-01
7.175120251824655959e-01
7.181219265508492766e-01
7.157427844328757560e-01
6.707588434219360352e-01
7.064160260499692257e-01
7.003564303464228091e-01
7.083191761117897389e-01
7.055322776979474630e-01
7.043938812506626013e-01
7.055303989058713254e-01
7.055397257845625880e-01
5.358034372329711914e-01
7.150768450662201570e-01
7.072881985418867368e-01
7.059667232810267201e-01
7.046961394412007973e-01
7.008893526645295635e-01
7.009364434848988079e-01
6.979525298983962900e-01
8.689176440238952637e-01
6.999358534812927246e-01
6.913931774030818156e-01
6.921180437337484115e-01
6.971369307136061622e-01
6.964979656189086432e-01
6.942024662645156496e-01
6.919269183082797925e-01
5.878237485885620117e-01
6.543661963705923457e-01
6.798251300755113746e-01
6.834250526712429830e-01
6.798637444107094030e-01
6.801369629533167149e-01
6.826118066461379641e-01
6.831611776963258942e-01
5.965629220008850098e-01
6.668403347333272668e-01
6.665940364398578177e-01
6.689784201170434486e-01
6.673063506830984037e-01
6.670500155226642969e-01
6.700590689514958065e-01
6.711166485761984601e-01
7.489670515060424805e-01
6.974633569810905209e-01
6.855345970333213135e-01
6.798797143216164240e-01
6.790679266203695219e-01
6.802688961722461736e-01
6.766785524810271513e-01
6.760294640335942074e-01
5.890605449676513672e-01
6.732192156361598290e-01
6.708104226848866647e-01
6.686744689941406250e-01
6.715643887792653866e-01
6.698115586759559870e-01
6.692632820915146441e-01
6.679633221565148826e-01
7.246589064598083496e-01
6.591823574374703343e-01
6.627823217670516520e-01
6.619864883801794830e-01
6.625489715616501574e-01
6.587038004540827218e-01
6.580194137817205746e-01
6.586156987566553767e-01
6.423748731613159180e-01
6.242807980845955784e-01
6.395509927579672294e-01
6.487688303783240018e-01
6.463510788495268056e-01
6.486806432564420355e-01
6.464972732669095334e-01
6.455616793911002071e-01
5.487115383148193359e-01
6.390470722142387316e-01
6.340703064262276367e-01
6.373108301731135183e-01
6.459380555805281920e-01
6.478324476703704038e-01
6.466151811553790818e-01
6.466489913966241287e-01
7.629635930061340332e-01
6.400636002129199698e-01
6.408243232434338577e-01
6.492982135703232460e-01
6.431592493804533239e-01
6.408505939629923764e-01
6.379992922279129619e-01
6.386742522234251096e-01
5.770968198776245117e-01
6.266089286289963090e-01
6.220435807020356922e-01
6.275358693489175854e-01
6.262215927465638599e-01
6.259995740485856386e-01
6.255049138172124046e-01
6.270324943581877530e-01
6.242442131042480469e-01
6.398811550701365425e-01
6.302448100972883882e-01
6.238827417228395289e-01
6.209858645550647704e-01
6.224958744656992060e-01
6.243307701376981100e-01
6.262079872127271907e-01
5.529172420501708984e-01
6.092713668065912191e-01
6.036410145830399809e-01
6.125525901254439409e-01
6.167908739391251283e-01
6.141862040496917086e-01
6.162548780045240537e-01
6.186256019817797380e-01
6.194330453872680664e-01
6.202328520662644396e-01
6.218458883243032087e-01
6.163008511066436768e-01
6.176025501234614357e-01
6.157034075117681082e-01
6.159273287980659983e-01
6.137752566072676164e-01
6.035704016685485840e-01
6.001361193610172950e-01
6.015335589942365502e-01
6.047026978817996445e-01
6.056099556275268414e-01
6.065170958460089912e-01
6.075070136013220878e-01
6.083137432903985564e-01
6.196964979171752930e-01
6.081062923459445990e-01
6.097692425298218977e-01
6.091431712867408921e-01
6.131066702195068219e-01
6.094354256928204983e-01
6.070241254825529120e-01
6.074075045069398104e-01
7.048621177673339844e-01
6.133133605414745615e-01
6.107043089843032790e-01
6.007696737516794450e-01
6.043686607287297452e-01
6.008576208139321251e-01
5.989845608952037992e-01
5.996929442780649655e-01
4.352128803730010986e-01
5.850196463220259657e-01
5.984769557962322795e-01
5.945370955183016948e-01
5.962478270874688180e-01
5.943431974169742782e-01
5.970086569207847527e-01
5.978856331262832891e-01
5.468727946281433105e-01
5.910890154978808431e-01
5.829246247758960164e-01
5.921479741863856505e-01
5.961201104951735497e-01
5.931201874022464793e-01
5.923024711022741862e-01
5.955813537296067439e-01
5.639188885688781738e-01
5.795040130615234375e-01
5.774695882112672596e-01
5.813949931141556560e-01
5.798844231005332306e-01
5.803509208548116582e-01
5.839381628852350348e-01
5.832534170897937242e-01
5.546181201934814453e-01
5.733816039328482050e-01
5.821454994159169782e-01
5.843603460993987975e-01
5.810242244853308646e-01
5.833355085070864865e-01
5.829518103718361877e-01
5.846468627962291276e-01
5.312722325325012207e-01
5.732013320221620578e-01
5.790287244437944958e-01
5.782837524319326405e-01
5.808363905296990426e-01
5.786334074350941714e-01
5.741655105768248557e-01
5.758808594823223714e-01
5.936293601989746094e-01
5.647838390340992332e-01
5.704515962907583670e-01
5.701143597530213825e-01
5.722945863334694128e-01
5.733915293121717438e-01
5.707194110087777661e-01
5.715909826110231462e-01
5.013677477836608887e-01
5.719374558504890516e-01
5.654219093889293335e-01
5.622463634866752269e-01
5.670304104166837833e-01
5.647053723316268758e-01
5.636837717108552637e-01
5.645943514132432117e-01
4.506113231182098389e-01
5.913641926120308812e-01
5.720139101590260289e-01
5.670523096788797623e-01
5.639877070241899881e-01
5.630824824728338784e-01
5.613637823995165643e-01
5.633727559167095444e-01
5.952197909355163574e-01
5.770967538450278989e-01
5.659036515372815046e-01
5.622235390524200627e-01
5.603979871937291302e-01
5.599424516062337931e-01
5.625764352340635321e-01
5.615532299731871291e-01
5.592038631439208984e-01
5.567372114050621601e-01
5.541556784422090320e-01
5.474108033227604864e-01
5.453173988197573818e-01
5.448083720834131505e-01
5.467391388360843818e-01
5.497672221599481102e-01
4.720783233642578125e-01
5.505526457347121871e-01
5.477944417755202799e-01
5.473006296631516276e-01
5.504653772607964735e-01
5.486666652785829879e-01
5.482532117651942594e-01
5.480823147500681891e-01
5.895213484764099121e-01
5.464065332038730016e-01
5.506659964523693551e-01
5.497975756000998970e-01
5.489755212074488577e-01
5.515889109843280513e-01
5.504387374534163158e-01
5.472589234511057166e-01
6.175538897514343262e-01
5.395839114983876916e-01
5.403035929297456130e-01
5.409706765847490662e-01
5.345594405534848104e-01
5.382746056731478879e-01
5.393068893407270137e-01
5.399593361931988023e-01
5.603715777397155762e-01
5.137073590474969809e-01
5.281226859234346982e-01
5.398546358607462237e-01
5.336793874626728496e-01
5.354076972995621686e-01
5.353169460035241967e-01
5.366045869143939440e-01
4.822499752044677734e-01
5.535864385904050167e-01
5.386977378684695283e-01
5.424059722202503320e-01
5.437011552687308624e-01
5.397925015939659676e-01
5.371192151129839942e-01
5.353088179375031785e-01
5.459854006767272949e-01
5.329358735505271838e-01
5.372693579975921230e-01
5.338683051384047751e-01
5.295831095519943910e-01
5.311101927937739164e-01
5.310170451469992114e-01
5.314743593547418543e-01
6.190306544303894043e-01
5.314371357945835150e-01
5.209842285897472447e-01
5.253263179040112973e-01
5.224652128729654343e-01
5.230028252915082110e-01
5.241314376707488787e-01
5.269831345122084620e-01
5.945630669593811035e-01
5.137881566496456109e-01
5.239735166035076608e-01
5.254097241439567023e-01
5.253906700741591829e-01
5.242630303855910778e-01
5.235348342859071913e-01
5.219042022683342275e-01
5.163659453392028809e-01
5.205079772893119738e-01
5.209973525292802554e-01
5.189953592439361385e-01
5.205740181367788377e-01
5.250521203673693682e-01
5.249290136601837409e-01
5.230302585665657089e-01
5.460762977600097656e-01
5.345707494838565221e-01
5.299269973051430327e-01
5.241576028580696711e-01
5.159766866793087381e-01
5.199209577533828730e-01
5.174261621660568577e-01
5.158640350881125158e-01
3.615770339965820312e-01
5.109731771197973949e-01
5.190423128038349487e-01
5.188040064265396767e-01
5.166815839596649029e-01
5.160515631337564413e-01
5.153437048889869532e-01
5.125120488496927029e-01
3.895099163055419922e-01
4.988572533224143180e-01
4.987112856147312701e-01
5.042197256293518004e-01
5.027643307227993574e-01
5.020214039016055452e-01
5.025363687264958745e-01
5.026170832988543502e-01
5.217854380607604980e-01
5.115173891478893564e-01
5.041585322653893142e-01
4.971235398425171703e-01
5.062132542999229212e-01
5.062635290432736523e-01
5.056271751061626185e-01
5.067470331816931184e-01
5.993642807006835938e-01
5.071290708055683494e-01
5.060976159454572132e-01
5.004778873446761311e-01
4.965986298091376039e-01
5.024085189716749333e-01
5.004834857493936084e-01
4.994088674542571105e-01
4.030382931232452393e-01
4.729423236613179982e-01
4.851515183944513088e-01
4.896983158904195665e-01
4.888120222447523422e-01
4.932021681531016943e-01
4.976642948646481934e-01
4.983780582745869769e-01
4.332175254821777344e-01
5.080038729835959499e-01
4.947055681507185887e-01
4.919956770559020254e-01
4.877344077795892074e-01
4.912032834087234900e-01
4.921912171713933581e-01
4.939853523531530510e-01
5.089848637580871582e-01
4.868118464946746826e-01
4.914183595983108721e-01
4.882949432789884803e-01
4.899125063597266627e-01
4.968605714727682976e-01
4.951866032475252810e-01
4.935400414670634284e-01
4.325164854526519775e-01
4.834399468758526774e-01
4.784766347101419015e-01
4.836270734174362151e-01
4.858681179990815835e-01
4.872209821564267851e-01
4.890725104713756766e-01
4.888331754255159090e-01
4.478699564933776855e-01
4.763616621494293213e-01
4.846346242593066456e-01
4.907007363458342764e-01
4.878268857203905684e-01
4.898250545875959538e-01
4.893723656964856783e-01
4.888068930036322257e-01
4.375248849391937256e-01
4.670742300211214726e-01
4.768402529234933573e-01
4.726410046318508806e-01
4.777854305891255371e-01
4.767452788305472366e-01
4.814930462163944380e-01
4.805629512353500332e-01
3.823619484901428223e-01
4.672161673798280734e-01
4.674049497830986000e-01
4.775655001204535122e-01
4.775793915660820343e-01
4.770654600217522634e-01
4.789970397355152731e-01
4.818344399799988076e-01
3.740704953670501709e-01
4.576693592118282194e-01
4.739635867057460095e-01
4.738174901892807100e-01
4.766402969609445650e-01
4.784758901928525265e-01
4.785342518475364515e-01
4.762866389208030293e-01
4.392028152942657471e-01
4.998382207225350871e-01
4.903794329355258830e-01
4.837146551403778139e-01
4.792913557285100046e-01
4.800002126104803146e-01
4.773942691543173744e-01
4.765791105069326350e-01
3.392382860183715820e-01
4.633998911754757533e-01
4.650028318461805199e-01
4.698385716668817547e-01
4.720620535202880164e-01
4.701910813253714072e-01
4.705829728283359437e-01
4.717919252536915131e-01
4.086633920669555664e-01
4.563207258196437799e-01
4.587741924984620190e-01
4.643687542700609683e-01
4.658504410169611032e-01
4.690255381434087489e-01
4.694285177907278617e-01
4.682170427762545328e-01
3.567737936973571777e-01
4.686966316372740415e-01
4.615104284026835257e-01
4.643936074332685737e-01
4.650436338797137581e-01
4.627009442602970646e-01
4.653104922898188001e-01
4.672647177154182208e-01
4.460160732269287109e-01
4.560840083103553932e-01
4.652008856877242193e-01
4.640260129574908521e-01
4.651077020524153061e-01
4.630947327946286496e-01
4.644708501738171180e-01
4.643852095997910712e-01
3.167410790920257568e-01
4.328304453223359438e-01
4.305513911318070708e-01
4.339831228682536901e-01
4.376764338259673259e-01
4.373626245326729944e-01
4.385270470895640260e-01
4.396083450470215093e-01
3.846854269504547119e-01
4.228506695990468800e-01
4.390635496318930353e-01
4.459187386446440970e-01
4.380761785293693089e-01
4.390418952204791503e-01
4.405188346621998208e-01
4.386800593800014858e-01
4.438897967338562012e-01
4.475334275002573192e-01
4.402856027135754746e-01
4.424085591407800888e-01
4.410029977411772939e-01
4.364931140525407649e-01
4.347856237840810878e-01
4.343854611755436079e-01
2.966117858886718750e-01
4.419072772942337357e-01
4.376071116121688642e-01
4.337390304006488173e-01
4.353373410986430825e-01
4.357240638172483749e-01
4.374939710198842979e-01
4.389731434845177138e-01
3.662059605121612549e-01
4.434501189811557165e-01
4.276696577815726208e-01
4.318133605434404942e-01
4.351989756620938676e-01
4.363842578641921599e-01
4.356055464162382762e-01
4.363596618090599955e-01
4.631987810134887695e-01
4.331789197875003938e-01
4.355874333051171776e-01
4.369121012308739838e-01
4.305273146178592025e-01
4.340568446068174824e-01
4.323544348791192315e-01
4.310086537630130055e-01
3.986403644084930420e-01
4.435175721551857797e-01
4.326476537355101737e-01
4.331362663910088839e-01
4.397378466022548449e-01
4.373962246326811298e-01
4.348035149796064536e-01
4.341701281885815278e-01
4.973487257957458496e-01
4.092859088205823559e-01
4.189562797546386719e-01
4.226427324955037146e-01
4.259843697298818510e-01
4.293114147575727846e-01
4.279535219716867345e-01
4.280920882000882610e-01
3.281193077564239502e-01
4.273237247093051305e-01
4.295410046187957964e-01
4.316255992019413235e-01
4.290896450257419836e-01
4.359937055533625871e-01
4.353894530439693655e-01
4.316753374460415849e-01
4.062750041484832764e-01
4.247589415194941709e-01
4.231318784232186991e-01
4.239822178092224059e-01
4.278591869778893830e-01
4.304099916461929243e-01
4.284180091861078399e-01
4.302510018022651095e-01
3.289625644683837891e-01
4.250391786004982797e-01
4.234784835636025702e-01
4.208819818812490343e-01
4.232763689548815211e-01
4.284375232766823860e-01
4.288995195662856363e-01
4.285271079451949405e-01
4.549125134944915771e-01
4.390056834501378513e-01
4.335130612448890863e-01
4.324855166949972962e-01
4.291022012186287427e-01
4.284784259549175300e-01
4.265533528256654217e-01
4.276197536548658196e-01
4.677271544933319092e-01
4.310170593214969759e-01
4.302752841227125424e-01
4.319498880414773256e-01
4.324756605708183765e-01
4.316801878798055547e-01
4.318498633430645772e-01
4.327822076289402631e-01
3.751221597194671631e-01
4.317475715104271417e-01
4.272048715317603440e-01
4.296137953041405111e-01
4.310560603046891814e-01
4.269443423862001596e-01
4.242160406421585095e-01
4.255241496101064280e-01
3.018764853477478027e-01
4.274336210652893708e-01
4.387085847925431548e-01
4.335256613642964330e-01
4.339174494814516669e-01
4.313323165316030883e-01
4.300183263727992977e-01
4.290973127227902806e-01
4.365413188934326172e-01
4.250707047827103624e-01
4.283811650653877035e-01
4.307590853299526068e-01
4.269996266163403886e-01
4.286009209801951436e-01
4.300332442668585164e-01
4.278159676454005855e-01
5.583824515342712402e-01
4.152192689624487065e-01
4.322971978990158282e-01
4.283008614912727774e-01
4.293551308598684280e-01
4.295672855054240014e-01
4.292176584666749783e-01
4.287119185992455672e-01
4.167118668556213379e-01
4.177510738372802734e-01
4.283332686022957025e-01
4.253707909031419487e-01
4.211036426510976760e-01
4.240269118333717668e-01
4.271484051035884244e-01
4.298942567106665558e-01
3.758499920368194580e-01
4.273700462836845237e-01
4.307033112733670843e-01
4.282222737539683188e-01
4.299184677019641243e-01
4.242877288168644956e-01
4.236123715326239325e-01
4.274001473035567988e-01
3.950182199478149414e-01
4.275712587085424565e-01
4.204241834064521566e-01
4.144752242707258616e-01
4.201021068428286154e-01
4.231104450634275982e-01
4.240149949179139455e-01
4.262962554849450969e-01
4.750225841999053955e-01
4.203358912000469405e-01
4.227518414211745568e-01
4.212763525594938607e-01
4.222330216003294390e-01
4.204499504836907153e-01
4.201886599939130829e-01
4.230944253185875414e-01
4.275363385677337646e-01
4.492139296204435972e-01
4.339050309787882420e-01
4.341832114173876378e-01
4.323646149676830808e-01
4.280638360525982344e-01
4.264766470934465703e-01
4.255065567303247254e-01
3.593673110008239746e-01
4.266683546935810534e-01
4.376350092415762227e-01
4.319462501844822944e-01
4.309290691246440708e-01
4.293814530054411716e-01
4.284758207904936222e-01
4.262422678562310940e-01
3.717235624790191650e-01
4.212411507671954825e-01
4.273738087994037316e-01
4.246838680955747902e-01
4.257378140788766197e-01
4.266897257105762842e-01
4.247432809533470688e-01
4.241995830141920831e-01
4.905654489994049072e-01
4.397128899307811700e-01
4.284477598301255075e-01
4.215750032110719414e-01
4.212100052863211319e-01
4.235935926556112507e-01
4.258555982299025433e-01
4.281544901451833640e-01
4.606048762798309326e-01
4.283109318976308644e-01
4.243377677284845273e-01
4.317430713713563684e-01
4.274456312703849292e-01
4.293478193036113777e-01
4.262775067871195089e-01
4.267790655464868133e-01
4.284080862998962402e-01
4.353383867179645983e-01
4.319177888112493147e-01
4.261162264260235366e-01
4.247153637865882514e-01
4.228324006159466797e-01
4.233571588993072510e-01
4.233855553332217525e-01
3.065768182277679443e-01
4.163105143051521462e-01
4.265392360710861808e-01
4.261713260846421991e-01
4.294388872473987040e-01
4.282762692031632512e-01
4.251305755982763279e-01
4.235037792781818911e-01
4.639510512351989746e-01
4.149445003154231260e-01
4.188614995172708078e-01
4.212271251425837582e-01
4.218902509307386750e-01
4.218740649669768805e-01
4.182815579480902990e-01
4.190098470941907571e-01
4.032254219055175781e-01
4.278601016484054886e-01
4.267181910500668085e-01
4.290069833101815555e-01
4.287832143591411294e-01
4.236033259041280807e-01
4.225716679496226424e-01
4.228562707999493075e-01
3.193381130695343018e-01
4.218597359517041179e-01
4.152134267410429458e-01
4.170211115420259240e-01
4.220086545196931604e-01
4.222220791526049566e-01
4.232425313455321914e-01
4.210505393835214383e-01
5.316612124443054199e-01
4.145248730977376117e-01
4.206665769071862293e-01
4.194825084398913773e-01
4.206189621443772175e-01
4.210870941559157199e-01
4.216049704638826223e-01
4.217969024622881813e-01
4.016559720039367676e-01
4.393787050948423367e-01
4.313729744736510829e-01
4.311964107270272462e-01
4.299810080979000748e-01
4.293228056563799244e-01
4.268762301467977638e-01
4.242910328838560563e-01
4.670642316341400146e-01
4.179623676281349343e-01
4.282431953614301290e-01
4.250880241986141894e-01
4.228798442367297516e-01
4.251789941611993084e-01
4.230814739022144000e-01
4.223058905102248795e-01
5.283182859420776367e-01
4.286453458024006014e-01
4.172540609494294062e-01
4.160099427234257852e-01
4.155252800503773658e-01
4.166485235629328598e-01
4.187589680336638587e-01
4.189388623349686869e-01
4.257138669490814209e-01
4.078818962854497410e-01
4.106152700905752462e-01
4.103501064098433737e-01
4.169500081693355287e-01
4.178498122559125560e-01
4.194734437125069992e-01
4.210714432079228353e-01
4.471612870693206787e-01
4.346542568767772230e-01
4.218132183103278088e-01
4.235809202620525182e-01
4.233833955443320751e-01
4.217836971420690917e-01
4.242051759134495281e-01
4.214915686268412287e-01
4.452600777149200439e-01
4.153647422790527344e-01
4.147652800720517119e-01
4.166978131856349798e-01
4.220366452760364040e-01
4.220137064794145521e-01
4.217102726135539270e-01
4.205210987489108043e-01
4.000861644744873047e-01
4.169649323996375556e-01
4.138015130958934695e-01
4.173228430826932400e-01
4.150234587601761560e-01
4.116593570823213755e-01
4.141883361973239808e-01
4.151079055250879724e-01
4.561918377876281738e-01
4.223518003435695611e-01
4.226161822824194836e-01
4.163132854644825964e-01
4.145448477707098789e-01
4.119034652928432183e-01
4.139379988675101485e-01
4.146451179118577635e-01
3.478892743587493896e-01
4.065608674404667666e-01
4.114257592966060750e-01
4.133089691992626880e-01
4.145113266819152043e-01
4.172201973508553596e-01
4.169803031061178888e-01
4.188288748264312744e-01
3.767149150371551514e-01
4.153248790432425008e-01
4.192777798317446347e-01
4.118936912508200376e-01
4.108792930396635290e-01
4.143898149885504312e-01
4.159140923490555752e-01
4.146292472836638487e-01
4.000449478626251221e-01
4.089235201770183847e-01
4.190834211831045431e-01
4.198009480309012886e-01
4.211216426607388152e-01
4.187337997781327981e-01
4.192742272171863238e-01
4.189832454648113047e-01
4.743028879165649414e-01
4.098799509160658827e-01
4.147469776101631589e-01
4.213805109854565356e-01
4.222513530681382132e-01
4.216798311210723238e-01
4.211656038349252951e-01
4.211216328660307706e-01
3.877887129783630371e-01
3.988184648401597032e-01
4.128566844628588917e-01
4.113972275857104566e-01
4.124076876474256914e-01
4.148812156274498952e-01
4.181249520905390149e-01
4.194400515141989971e-01
2.788348793983459473e-01
4.129115459965724821e-01
4.112068565175084900e-01
4.103281795978546143e-01
4.108988507766628828e-01
4.148652446697432827e-01
4.138633347428914422e-01
4.179945350372553659e-01
4.504841864109039307e-01
4.140290501070957307e-01
4.175589831158666443e-01
4.159061298859829670e-01
4.196666648138814848e-01
4.204167464814813071e-01
4.218877897508120367e-01
4.208594894307291501e-01
3.337235748767852783e-01
4.123447736104329242e-01
4.104211914657366345e-01
4.076184034347534180e-01
4.089436423570955714e-01
4.122111569956479205e-01
4.137325758157774369e-01
4.134660985564913571e-01
3.743073344230651855e-01
4.268536620280322103e-01
4.140211978171131624e-01
4.181504723252050248e-01
4.213257962791480682e-01
4.216490839107103206e-01
4.182242307552071492e-01
4.167481560652752104e-01
4.505258798599243164e-01
4.148563853665894197e-01
4.232164069567576625e-01
4.185326255315187094e-01
4.177001969731269360e-01
4.186934083106508275e-01
4.209914867862118437e-01
4.201301015340365153e-01
3.416685461997985840e-01
3.898431015949623268e-01
4.068273117046545262e-01
4.077117468742345596e-01
4.091115811867500618e-01
4.111843603065764019e-01
4.122798900271570921e-01
4.153982823730533736e-01
4.667585194110870361e-01
4.266050013841367061e-01
4.155328349016680356e-01
4.188371864178322967e-01
4.175411433871112910e-01
4.158880472539430717e-01
4.139130833834112622e-01
4.121434938618939725e-01
4.008422791957855225e-01
4.115482107097027109e-01
4.189625119808876863e-01
4.149262115655356076e-01
4.123293817488115076e-01
4.144651709918482085e-01
4.165917297336350078e-01
4.163824458237727066e-01
2.750962078571319580e-01
3.919047830151576872e-01
3.954544064432087280e-01
4.016546776752598080e-01
4.052438166604113157e-01
4.077380753133401647e-01
4.097012277457405260e-01
4.113687864395967342e-01
3.325726091861724854e-01
4.099630818647496677e-01
4.113020041201374544e-01
4.111694675802394783e-01
4.129715901405657252e-01
4.119809579208077444e-01
4.140592989236413501e-01
4.150866094732556522e-01
3.458480834960937500e-01
4.150970624942405540e-01
4.235608681003645848e-01
4.114130182771493227e-01
4.067329206869970126e-01
4.128783848656126243e-01
4.131298390931861242e-01
4.118281287005823854e-01
3.247331976890563965e-01
4.130770686794729696e-01
4.263898712573664929e-01
4.254031133967519640e-01
4.242594491189984884e-01
4.184596527263937937e-01
4.198014830236023176e-01
4.206810842382262550e-01
5.200430750846862793e-01
4.351059800269557187e-01
4.177479873789419207e-01
4.170928038903419788e-01
4.145373949660590696e-01
4.127289346489773081e-01
4.139663129549882026e-01
4.116221202744377861e-01
3.786119222640991211e-01
4.262091768722908181e-01
4.205778397545956171e-01
4.186663546704298411e-01
4.142666826793803270e-01
4.162112937505501598e-01
4.144159029686569906e-01
4.141416589588861052e-01
3.714920878410339355e-01
4.192854095907772027e-01
4.139386571869991815e-01
4.163307922565384622e-01
4.153003584389662883e-01
4.137795321732403164e-01
4.122174975780949491e-01
4.122310000182556888e-01
3.446424901485443115e-01
4.067058127884771168e-01
4.093411696134227062e-01
4.045886449663844142e-01
4.092607272056797973e-01
4.112740021896552078e-01
4.115354191524245864e-01
4.115112431962945072e-01
4.303250908851623535e-01
4.167451677369136687e-01
4.156284541776864572e-01
4.155381665324533458e-01
4.122160173470701405e-01
4.121042139739154453e-01
4.161358639053331920e-01
4.144394047919162105e-01
4.362956285476684570e-01
4.143030088321835169e-01
4.160363665311643255e-01
4.091466398823340178e-01
4.123696174787644941e-01
4.119490852868889497e-01
4.141792406473445154e-01
4.143330067650884407e-01
3.989570736885070801e-01
4.190654041720371370e-01
4.186066434820099880e-01
4.220233943486055850e-01
4.169397331144086283e-01
4.138348326383833875e-01
4.103951697234695661e-01
4.102248110068150155e-01
3.798245787620544434e-01
4.137411377593582795e-01
4.104278384163828064e-01
4.135323980983519609e-01
4.133134062462185399e-01
4.117930730381809679e-01
4.112069899358622438e-01
4.108722483755176680e-01
4.300728142261505127e-01
4.091375493535808761e-01
4.110375775559113598e-01
4.133841914451674704e-01
4.119443309247790008e-01
4.098916206939287044e-01
4.131604011272670962e-01
4.132615770200039340e-01
4.839328527450561523e-01
4.134344452736424258e-01
4.189289914499415013e-01
4.141871575882892786e-01
4.129208699980778663e-01
4.127295623974970851e-01
4.109600267537012463e-01
4.115627246704536280e-01
3.573162257671356201e-01
4.164372518950817392e-01
4.143214444122692020e-01
4.121181546457555744e-01
4.084436991321506727e-01
4.093257796716879837e-01
4.132170516787177506e-01
4.137887337438740931e-01
3.401753306388854980e-01
4.070695872400321158e-01
4.068044069970008225e-01
4.068849405508167538e-01
4.094141271725222908e-01
4.123401841913086341e-01
4.124849680254229489e-01
4.110083928135385700e-01
3.721745908260345459e-01
4.027643291389240709e-01
4.061324212810780709e-01
4.100016215384401086e-01
4.094207365417955047e-01
4.105942362095730269e-01
4.122378597425859770e-01
4.113209369005980109e-01
4.805084168910980225e-01
4.255972866918526498e-01
4.224485008433313538e-01
4.145751217540526445e-01
4.115600380583189222e-01
4.107073852384233170e-01
4.128807487578883273e-01
4.126757852457187958e-01
3.333794474601745605e-01
4.188222937724169759e-01
4.204213403829253348e-01
4.140680102717797517e-01
4.120326877678211486e-01
4.066023631281111550e-01
4.062530591440359218e-01
4.083304997013504911e-01
5.566011071205139160e-01
4.266473516529681875e-01
4.192667547428962083e-01
4.179037765951346128e-01
4.152364346814985674e-01
4.144591619056534615e-01
4.122020112121619895e-01
4.131703197616457546e-01
5.564749836921691895e-01
4.351859945876925817e-01
4.216493049470504961e-01
4.181505516664871247e-01
4.187003858943483814e-01
4.167584461044980260e-01
4.181563842336204484e-01
4.151225620694989349e-01
2.611667513847351074e-01
3.947957888537761972e-01
3.980264383377415394e-01
4.013259452305092956e-01
4.038851511715656484e-01
4.026687984685023980e-01
4.051278599868977093e-01
4.091815248853460929e-01
4.976248741149902344e-01
4.093126812401939874e-01
4.091592891381518604e-01
4.096774551647388574e-01
4.149140293770168797e-01
4.165170430780881783e-01
4.130029978348171427e-01
4.115565696842650167e-01
5.413101315498352051e-01
4.202320774396260394e-01
4.177172027602054083e-01
4.169452701578076903e-01
4.157787158121517002e-01
4.125630796786798338e-01
4.074534267385140351e-01
4.084873451211853412e-01
4.063782691955566406e-01
4.210401212467866916e-01
4.148114524265327230e-01
4.176731611916560949e-01
4.126375309418682802e-01
4.132883039959873162e-01
4.124985072402859165e-01
4.111628297642085372e-01
4.194380640983581543e-01
4.065064446014516331e-01
4.039550829346817418e-01
4.058159865093546870e-01
4.041192862969725796e-01
4.056041289966894614e-01
4.075322785349779209e-01
4.059482457546087497e-01
3.884976208209991455e-01
4.191326294459548629e-01
4.146389043567204058e-01
4.121926841356896576e-01
4.143691744970445234e-01
4.120277387212472053e-01
4.107724849468845640e-01
4.082344213442245517e-01
4.139825701713562012e-01
4.073749237200793294e-01
4.161664757988240426e-01
4.094828499468746719e-01
4.098598750966105375e-01
4.092864986672344330e-01
4.071910378346807469e-01
4.063997515755841117e-01
3.376964628696441650e-01
4.023874355297462624e-01
4.064010576446457912e-01
4.051417899842293946e-01
4.098403092047468443e-01
4.105558590110079953e-01
4.086845550822261197e-01
4.087460120009560605e-01
3.310448527336120605e-01
3.930600431619906132e-01
3.961144036585741435e-01
3.941469846774410812e-01
4.014630601625537309e-01
4.040410141664672050e-01
4.096585007700017100e-01
4.113068728789984196e-01
6.290861368179321289e-01
4.239821545049256013e-01
4.211747982714436067e-01
4.190591731608308557e-01
4.153949198734701032e-01
4.146955266179316313e-01
4.124837120704080706e-01
4.135440675876079220e-01
4.803525805473327637e-01
4.205159352106206394e-01
4.138159796152964809e-01
4.103035350509037227e-01
4.101832087953292127e-01
4.130253859487662549e-01
4.120242471908809878e-01
4.121808996397545721e-01
4.418752789497375488e-01
4.036347760873682522e-01
4.095271828741130493e-01
4.126285513899973778e-01
4.151092466726825081e-01
4.170343385512135237e-01
4.169725932156128634e-01
4.135589425550227349e-01
3.997538685798645020e-01
4.220078675185932604e-01
4.226472516461173834e-01
4.168635095586840089e-01
4.139036313811345069e-01
4.137823547262594603e-01
4.146461473944971221e-01
4.105260426502282400e-01
3.326591849327087402e-01
4.099631268604129186e-01
4.101189953265803601e-01
4.113179865657098921e-01
4.129387918692916104e-01
4.137269869981058945e-01
4.159428724814887013e-01
4.162863256075443608e-01
5.083932876586914062e-01
4.129639197798335992e-01
4.112070081847729042e-01
4.150575681632717728e-01
4.130223837509677254e-01
4.104149451412527627e-01
4.102184300703859976e-01
4.097344569246313961e-01
4.764058589935302734e-01
4.062526109171848421e-01
4.061136770956587094e-01
4.087025840945591182e-01
4.102536837259928570e-01
4.132488595536980558e-01
4.132667960617629199e-01
4.147678614936323171e-01
3.561735451221466064e-01
4.333083273149004322e-01
4.270817516463817909e-01
4.163681841054499566e-01
4.152065555551158749e-01
4.164116494802839741e-01
4.155782706218700273e-01
4.149554656696455290e-01
5.014071464538574219e-01
4.160467234312319462e-01
4.129600383267544306e-01
4.149403958920611646e-01
4.142301886235896791e-01
4.162002703345629162e-01
4.157252559234137501e-01
4.132496633505889361e-01
4.950371682643890381e-01
3.971168878031711702e-01
4.033041516743083865e-01
4.092016170751179849e-01
4.116870901774410951e-01
4.125130630109414831e-01
4.134958208201335306e-01
4.141943995599393635e-01
4.340898990631103516e-01
4.117216090945636786e-01
4.146280884742736816e-01
4.092189320270588904e-01
4.111011870464875151e-01
4.121566505071176389e-01
4.132059500661007245e-01
4.124491131543434053e-01
4.061144590377807617e-01
4.056939850835239447e-01
4.077188045081525658e-01
4.113900537127690438e-01
4.091971464714600493e-01
4.083639222430993088e-01
4.076267767487174454e-01
4.091057495089338025e-01
5.091611146926879883e-01
4.094661567725387252e-01
4.021540369727824027e-01
4.087140552255491555e-01
4.035416135740517163e-01
4.078515302612487070e-01
4.079621832236103307e-01
4.102139248807206151e-01
3.117912113666534424e-01
4.153423005459355166e-01
4.128148675259977196e-01
4.079201090217426384e-01
4.079048059028179685e-01
4.069228174676933207e-01
4.106208936518608854e-01
4.098331739759852876e-01
4.647930860519409180e-01
4.278315358302172688e-01
4.228366586831536766e-01
4.154420505888414827e-01
4.140724295852196146e-01
4.129600616921466627e-01
4.114095814699350595e-01
4.099953651343316019e-01
3.352605700492858887e-01
4.189456613624797376e-01
4.100528923001620085e-01
4.099430874088741961e-01
4.106944923970236583e-01
4.115896962315912511e-01
4.102049688762208768e-01
4.121534415120073347e-01
3.966788351535797119e-01
4.172627908342024794e-01
4.174468821228140558e-01
4.091826110880896206e-01
4.085307437092510763e-01
4.089254536239274596e-01
4.100419364102259046e-01
4.099376313706748487e-01
